0 0 
0 0 1000 
0 0 1004 1007 1011 1015 1028 3001 3002 3003 3006 
0 1001 
1000 0 
1000 1000 
1000 1000 1000 
1000 1000 1001 1002 1003 1004 1005 1006 1007 1008 1009 1010 1018 1021 1032 3001 3002 3003 3006 3007 
1000 1003 1026 
10001 10001 3003 9997 50001 
10002 10002 3003 9997 50002 
1000 3004 
10006 10006 1015 1023 1024 2001 3003 3007 9997 50006 
10008 10008 9997 50008 
10010 10010 3002 9997 50010 
1001 1000 
1001 1001 
1001 1001 1002 1005 1021 
1001 1001 1005 1007 2001 3003 9998 
1001 1001 3001 3002 3003 9997 41001 
10011 10011 9997 50011 
10016 10016 1015 1023 3001 3002 3006 9997 50016 
10023 10023 3003 9997 50023 
10027 10027 9997 50027 
10030 10030 3003 9997 50030 
10032 10032 3003 9997 50032 
10037 10037 9997 50037 
10051 10051 9997 50051 
10052 10052 3003 9997 50052 
1006 1006 1000 1004 3003 
1010 1010 1010 1017 3003 
1013 1005 1006 1026 1031 3001 3002 3003 3007 
1017 1017 1026 
1019 1019 1000 1026 3003 
1023 1023 1032 
1027 1027 3001 3002 3003 9997 41027 
1036 1036 
11111 3001 3002 3003 3005 3006 3007 3008 1004 1005 1007 1013 1015 1023 1024 1026 1030 2001 2002
2000 2000 1007 
9999 3004 
